[[0.66692607 0.59682272 0.56034679 0.24647553 0.36641938 0.62934363
  0.39661846 0.53048285 0.12390700 0.11372135 0.19750779 0.20072845
  0.23541646 0.15011802 0.20904117 0.02151342 0.08317282 0.04334592
  0.07334417 0.12025316 0.00463166 0.02885822 0.03257671 0.04337841
  0.14394516]
 [0.31906615 0.35311108 0.36025553 0.27372089 0.30697718 0.27606178
  0.32104298 0.25150382 0.21840223 0.13038530 0.05732087 0.20093080
  0.41150837 0.47238395 0.28951915 0.01253391 0.13080021 0.25423110
  0.15867534 0.16582278 0.00469425 0.05980761 0.08680118 0.10819087
  0.12490480]
 [0.00700389 0.02984715 0.05932010 0.37177253 0.24509344 0.03861004
  0.09879813 0.09591936 0.44952305 0.52064705 0.00747664 0.06819102
  0.12310587 0.13674272 0.24820040 0.00140305 0.05568202 0.36795324
  0.16334823 0.19638336 0.00175252 0.06217761 0.58869273 0.58790508
  0.13556740]
 [0.00466926 0.01781201 0.01962126 0.10771424 0.07559395 0.05019305
  0.18028112 0.12079337 0.20816773 0.21801333 0.00872274 0.15095103
  0.07873626 0.21573564 0.22185430 0.00112244 0.03537034 0.15122367
  0.57354734 0.38444846 0.55642486 0.29931688 0.17906683 0.12579740
  0.25057121]
 [0.00233463 0.00240703 0.00045631 0.00031681 0.00591605 0.00579151
  0.00325932 0.00130060 0.00000000 0.01723297 0.72897196 0.37919870
  0.15123304 0.02501967 0.03138497 0.96342718 0.69497461 0.18324607
  0.03108492 0.13309222 0.43249671 0.54983968 0.11286255 0.13472825
  0.34501142]]