[[0.97612364 0.08144796 0.00000000 0.00000000 0.00000000 0.61004431
  0.04288718 0.00000000 0.00000000 0.00000000 0.20000000 0.00000000
  0.00000000 0.00000000 0.00000000 0.20000000 0.00000000 0.00000000
  0.00000000 0.00000000 0.20000000 0.00000000 0.00000000 0.00000000
  0.00000000]
 [0.02387636 0.91855204 0.00000000 1.00000000 0.92105263 0.38995569
  0.09178933 0.04761222 0.24265166 0.22309877 0.20000000 0.00132770
  0.04872121 0.31114786 0.21487098 0.20000000 0.00215401 0.03990878
  0.24188424 0.59584243 0.20000000 0.01557093 0.20629371 0.36964906
  0.36730652]
 [0.00000000 0.00000000 1.00000000 0.00000000 0.07894737 0.00000000
  0.00322754 0.00487595 0.43527205 0.33101925 0.20000000 0.00024140
  0.06689041 0.46534381 0.32212303 0.20000000 0.00269251 0.29630233
  0.68400332 0.32399219 0.20000000 0.00000000 0.29379831 0.37688006
  0.48933577]
 [0.00000000 0.00000000 0.00000000 0.00000000 0.00000000 0.00000000
  0.19917844 0.12777857 0.29768605 0.27579678 0.20000000 0.02812311
  0.46302511 0.22047678 0.45102116 0.20000000 0.12224017 0.57598957
  0.07362895 0.07637533 0.20000000 0.26585928 0.36740891 0.24739684
  0.13551188]
 [0.00000000 0.00000000 0.00000000 0.00000000 0.00000000 0.00000000
  0.66291750 0.81973326 0.02439024 0.17008520 0.20000000 0.97030779
  0.42136327 0.00303156 0.01198484 0.20000000 0.87291330 0.08779932
  0.00048349 0.00379005 0.20000000 0.71856978 0.13249908 0.00607405
  0.00784583]]