[3.0 0.0 4.0 1.0 4.0 4.0 4.0 0.0 1.0 4.0 2.0 2.0 3.0] sitting
[1.0 0.0 4.0 1.0 4.0 4.0 4.0 0.0 0.0 4.0 4.0 3.0 None] None
[0.0 0.0 4.0 1.0 2.0 0.0 4.0 0.0 4.0 0.0 3.0 1.0 0.0] walking
[2.0 0.0 4.0 1.0 4.0 4.0 4.0 0.0 2.0 4.0 3.0 3.0 2.0] standingup
[3.0 0.0 4.0 0.0 4.0 0.0 4.0 0.0 0.0 0.0 4.0 4.0 3.0] sitting
[3.0 0.0 4.0 1.0 4.0 4.0 4.0 0.0 2.0 4.0 4.0 3.0 None] None
[2.0 0.0 4.0 1.0 4.0 1.0 4.0 0.0 0.0 0.0 1.0 0.0 None] None
[1.0 0.0 4.0 1.0 4.0 4.0 4.0 0.0 0.0 4.0 1.0 4.0 3.0] sitting
[3.0 0.0 4.0 1.0 2.0 4.0 4.0 0.0 4.0 4.0 0.0 0.0 3.0] sitting
[2.0 0.0 4.0 1.0 4.0 0.0 4.0 0.0 0.0 0.0 3.0 0.0 None] None
[1.0 0.0 4.0 1.0 4.0 4.0 4.0 0.0 2.0 4.0 4.0 3.0 None] None
[4.0 0.0 4.0 1.0 3.0 4.0 4.0 0.0 0.0 4.0 3.0 1.0 None] None
[0.0 0.0 0.0 1.0 4.0 0.0 4.0 0.0 0.0 0.0 4.0 2.0 3.0] sitting
[4.0 0.0 4.0 1.0 4.0 4.0 2.0 0.0 0.0 4.0 0.0 2.0 None] None
[4.0 0.0 4.0 1.0 2.0 3.0 4.0 0.0 4.0 4.0 1.0 1.0 None] None
[2.0 0.0 4.0 1.0 4.0 4.0 4.0 0.0 0.0 4.0 3.0 3.0 2.0] standingup
[0.0 0.0 4.0 1.0 4.0 0.0 4.0 0.0 0.0 0.0 1.0 4.0 3.0] sitting
[3.0 0.0 4.0 1.0 4.0 4.0 4.0 0.0 1.0 4.0 2.0 1.0 3.0] sitting
[3.0 0.0 4.0 1.0 4.0 4.0 4.0 0.0 4.0 4.0 3.0 4.0 None] None
[2.0 0.0 4.0 1.0 4.0 4.0 4.0 0.0 0.0 4.0 4.0 3.0 None] None
[3.0 0.0 4.0 1.0 4.0 0.0 4.0 0.0 0.0 0.0 0.0 1.0 3.0] sitting
[4.0 0.0 4.0 1.0 2.0 4.0 4.0 0.0 4.0 4.0 1.0 1.0 3.0] sitting
[0.0 0.0 4.0 1.0 4.0 4.0 4.0 0.0 3.0 4.0 3.0 0.0 None] None
[4.0 0.0 4.0 1.0 2.0 4.0 4.0 0.0 4.0 4.0 1.0 0.0 3.0] sitting
[1.0 0.0 4.0 1.0 4.0 4.0 4.0 0.0 2.0 4.0 3.0 4.0 3.0] sitting
[0.0 0.0 4.0 1.0 4.0 4.0 4.0 0.0 0.0 4.0 4.0 4.0 None] None
[0.0 0.0 4.0 1.0 2.0 0.0 4.0 0.0 4.0 0.0 1.0 2.0 0.0] walking
[1.0 0.0 3.0 1.0 4.0 4.0 4.0 0.0 2.0 4.0 1.0 2.0 3.0] sitting
[4.0 0.0 4.0 1.0 4.0 4.0 4.0 0.0 4.0 4.0 2.0 3.0 None] None
[2.0 0.0 4.0 1.0 4.0 4.0 4.0 0.0 1.0 4.0 4.0 4.0 None] None
[2.0 0.0 4.0 1.0 4.0 4.0 4.0 0.0 1.0 4.0 3.0 3.0 2.0] standingup